 &plot nbnd=  28, nks=    91 /
            0.000000  0.000000  0.000000
   -4.056   -3.994   -2.312   -2.129    1.582    1.963    4.874    4.874    4.874    4.874
    5.565    6.015    6.015    6.016    6.016    6.148    7.299    7.448   12.821   12.821
   12.829   12.829   13.244   13.470   13.470   13.535   13.535   13.845
            0.008333  0.014434  0.000000
   -4.052   -3.990   -2.309   -2.126    1.586    1.967    4.868    4.868    4.878    4.878
    5.542    6.000    6.012    6.013    6.040    6.150    7.314    7.448   12.804   12.812
   12.825   12.833   13.228   13.443   13.455   13.520   13.523   13.851
            0.016667  0.028868  0.000000
   -4.040   -3.977   -2.301   -2.119    1.597    1.978    4.850    4.850    4.890    4.890
    5.482    5.956    6.001    6.002    6.099    6.155    7.360    7.448   12.755   12.764
   12.836   12.845   13.171   13.363   13.408   13.475   13.503   13.868
            0.025000  0.043301  0.000000
   -4.020   -3.957   -2.288   -2.106    1.616    1.995    4.820    4.822    4.911    4.911
    5.403    5.890    5.983    5.984    6.164    6.179    7.428    7.448   12.677   12.686
   12.854   12.863   13.063   13.241   13.327   13.401   13.498   13.897
            0.033333  0.057735  0.000000
   -3.992   -3.929   -2.269   -2.088    1.642    2.020    4.780    4.783    4.940    4.940
    5.316    5.808    5.959    5.960    6.175    6.268    7.447    7.514   12.575   12.584
   12.877   12.889   12.910   13.085   13.215   13.299   13.513   13.936
            0.041667  0.072169  0.000000
   -3.955   -3.892   -2.245   -2.066    1.675    2.051    4.730    4.734    4.977    4.977
    5.224    5.716    5.926    5.927    6.190    6.361    7.446    7.610   12.454   12.463
   12.725   12.904   12.904   12.920   13.078   13.171   13.541   13.986
            0.050000  0.086603  0.000000
   -3.911   -3.848   -2.216   -2.038    1.715    2.088    4.671    4.678    5.022    5.022
    5.132    5.618    5.886    5.888    6.207    6.457    7.443    7.712   12.320   12.327
   12.519   12.707   12.918   12.933   12.956   13.020   13.578   14.047
            0.058333  0.101036  0.000000
   -3.859   -3.796   -2.181   -2.006    1.761    2.131    4.605    4.614    5.040    5.075
    5.075    5.517    5.838    5.840    6.226    6.553    7.439    7.816   12.178   12.180
   12.300   12.499   12.740   12.850   12.961   12.996   13.622   14.119
            0.066667  0.115470  0.000000
   -3.799   -3.736   -2.142   -1.968    1.812    2.179    4.534    4.546    4.950    5.136
    5.137    5.416    5.783    5.785    6.247    6.650    7.432    7.920   12.028   12.032
   12.073   12.285   12.546   12.664   12.986   13.037   13.670   14.201
            0.075000  0.129904  0.000000
   -3.731   -3.668   -2.097   -1.927    1.870    2.232    4.458    4.474    4.863    5.205
    5.206    5.316    5.719    5.721    6.269    6.746    7.422    8.020   11.842   11.872
   11.887   12.068   12.341   12.466   13.005   13.079   13.720   14.293
            0.083333  0.144338  0.000000
   -3.656   -3.593   -2.048   -1.880    1.931    2.288    4.380    4.401    4.779    5.219
    5.282    5.282    5.646    5.649    6.291    6.840    7.407    8.114   11.610   11.717
   11.745   11.854   12.127   12.260   13.016   13.118   13.773   14.393
            0.091667  0.158771  0.000000
   -3.574   -3.511   -1.994   -1.829    1.997    2.345    4.301    4.328    4.699    5.126
    5.365    5.365    5.565    5.569    6.312    6.934    7.388    8.200   11.381   11.564
   11.610   11.642   11.908   12.049   13.016   13.153   13.826   14.500
            0.100000  0.173205  0.000000
   -3.485   -3.422   -1.936   -1.774    2.065    2.404    4.224    4.257    4.624    5.038
    5.455    5.455    5.476    5.481    6.333    7.025    7.363    8.276   11.156   11.415
   11.437   11.484   11.686   11.837   13.004   13.181   13.879   14.611
            0.108333  0.187639  0.000000
   -3.388   -3.325   -1.873   -1.715    2.134    2.461    4.150    4.192    4.553    4.955
    5.379    5.385    5.550    5.550    6.351    7.113    7.331    8.340   10.937   11.238
   11.272   11.370   11.464   11.626   12.977   13.199   13.932   14.723
            0.116667  0.202073  0.000000
   -3.285   -3.222   -1.806   -1.652    2.202    2.515    4.081    4.134    4.489    4.877
    5.274    5.282    5.650    5.650    6.368    7.198    7.293    8.389   10.725   11.046
   11.137   11.245   11.268   11.421   12.934   13.206   13.983   14.834
            0.125000  0.216506  0.000000
   -3.176   -3.113   -1.735   -1.585    2.268    2.563    4.020    4.087    4.430    4.806
    5.161    5.172    5.751    5.751    6.382    7.250    7.279    8.422   10.523   10.860
   11.010   11.033   11.181   11.226   12.877   13.202   14.032   14.940
            0.133333  0.230940  0.000000
   -3.060   -2.998   -1.660   -1.514    2.329    2.602    3.970    4.053    4.377    4.739
    5.041    5.057    5.849    5.852    6.398    7.202    7.354    8.437   10.329   10.678
   10.829   10.891   11.046   11.107   12.806   13.188   14.079   15.039
            0.141667  0.245374  0.000000
   -2.938   -2.876   -1.581   -1.441    2.382    2.630    3.934    4.036    4.331    4.676
    4.916    4.939    5.935    5.947    6.421    7.154    7.423    8.434   10.143   10.500
   10.639   10.782   10.884   11.046   12.723   13.167   14.121   15.127
            0.150000  0.259808  0.000000
   -2.811   -2.750   -1.499   -1.364    2.424    2.646    3.914    4.036    4.290    4.611
    4.785    4.825    5.997    6.028    6.462    7.112    7.483    8.412    9.965   10.324
   10.466   10.682   10.743   10.996   12.632   13.143   14.159   15.203
            0.158333  0.274241  0.000000
   -2.679   -2.618   -1.415   -1.285    2.455    2.648    3.912    4.054    4.255    4.533
    4.652    4.728    6.021    6.085    6.531    7.085    7.534    8.373    9.794   10.153
   10.314   10.591   10.621   10.953   12.537   13.121   14.189   15.266
            0.166667  0.288675  0.000000
   -2.542   -2.482   -1.327   -1.203    2.471    2.637    3.928    4.089    4.221    4.428
    4.521    4.660    6.006    6.108    6.628    7.085    7.574    8.317    9.629    9.991
   10.186   10.510   10.517   10.916   12.442   13.106   14.210   15.315
            0.175000  0.303109  0.000000
   -2.401   -2.341   -1.237   -1.118    2.476    2.616    3.962    4.137    4.179    4.301
    4.403    4.621    5.961    6.090    6.742    7.115    7.601    8.246    9.472    9.843
   10.082   10.427   10.436   10.879   12.353   13.102   14.219   15.314
            0.183333  0.317543  0.000000
   -2.257   -2.198   -1.145   -1.032    2.469    2.588    4.011    4.105    4.162    4.195
    4.323    4.599    5.894    6.035    6.864    7.170    7.615    8.163    9.327    9.715
   10.000   10.347   10.368   10.839   12.273   13.113   14.213   15.079
            0.191667  0.331976  0.000000
   -2.109   -2.052   -1.052   -0.945    2.453    2.555    3.988    4.016    4.072    4.259
    4.293    4.591    5.810    5.952    6.985    7.239    7.614    8.069    9.198    9.612
    9.938   10.275   10.305   10.795   12.207   13.143   14.189   14.837
            0.200000  0.346410  0.000000
   -1.960   -1.903   -0.957   -0.856    2.432    2.521    3.849    3.868    4.139    4.291
    4.324    4.594    5.715    5.852    7.098    7.308    7.600    7.966    9.092    9.542
    9.891   10.206   10.244   10.744   12.160   13.191   14.143   14.595
            0.208333  0.360844  0.000000
   -1.809   -1.754   -0.861   -0.767    2.409    2.486    3.704    3.718    4.208    4.306
    4.384    4.607    5.613    5.745    7.195    7.366    7.571    7.857    9.017    9.511
    9.855   10.137   10.182   10.687   12.135   13.258   14.074   14.355
            0.216667  0.375278  0.000000
   -1.658   -1.606   -0.765   -0.677    2.386    2.455    3.556    3.569    4.272    4.332
    4.432    4.629    5.511    5.640    7.268    7.405    7.529    7.742    8.979    9.524
    9.826   10.066   10.116   10.622   12.135   13.344   13.986   14.122
            0.225000  0.389711  0.000000
   -1.508   -1.458   -0.668   -0.587    2.365    2.428    3.409    3.421    4.324    4.369
    4.462    4.659    5.415    5.546    7.314    7.423    7.475    7.624    8.982    9.582
    9.802    9.990   10.046   10.552   12.161   13.446   13.882   13.898
            0.233333  0.404145  0.000000
   -1.361   -1.314   -0.573   -0.499    2.350    2.408    3.264    3.276    4.353    4.414
    4.463    4.697    5.334    5.471    7.332    7.412    7.422    7.505    9.024    9.680
    9.781    9.907    9.971   10.478   12.212   13.563   13.686   13.769
            0.241667  0.418579  0.000000
   -1.218   -1.174   -0.479   -0.411    2.342    2.396    3.122    3.134    4.352    4.432
    4.467    4.742    5.276    5.420    7.328    7.340    7.385    7.409    9.094    9.766
    9.791    9.840    9.892   10.400   12.289   13.488   13.654   13.692
            0.250000  0.433013  0.000000
   -1.082   -1.041   -0.386   -0.326    2.343    2.395    2.985    2.998    4.313    4.367
    4.528    4.793    5.245    5.393    7.263    7.268    7.310    7.389    9.172    9.713
    9.768    9.809    9.981   10.321   12.387   13.305   13.543   13.832
            0.258333  0.447446  0.000000
   -0.953   -0.916   -0.297   -0.243    2.355    2.405    2.854    2.868    4.241    4.275
    4.595    4.849    5.238    5.382    7.153    7.181    7.288    7.370    9.228    9.608
    9.724    9.807   10.161   10.242   12.506   13.139   13.437   13.755
            0.266667  0.461880  0.000000
   -0.834   -0.801   -0.211   -0.164    2.381    2.429    2.730    2.745    4.142    4.163
    4.667    4.907    5.245    5.379    7.044    7.098    7.268    7.357    9.240    9.498
    9.639    9.900   10.165   10.354   12.642   12.992   13.337   13.541
            0.275000  0.476314  0.000000
   -0.727   -0.698   -0.130   -0.089    2.420    2.467    2.615    2.632    4.026    4.040
    4.742    4.967    5.258    5.376    6.942    7.015    7.255    7.352    9.210    9.385
    9.557   10.043   10.090   10.551   12.793   12.864   13.226   13.354
            0.283333  0.490748  0.000000
   -0.633   -0.609   -0.055   -0.021    2.476    2.510    2.521    2.529    3.899    3.909
    4.819    5.024    5.270    5.370    6.850    6.934    7.250    7.357    9.154    9.274
    9.478   10.019   10.217   10.745   12.760   12.956   13.065   13.233
            0.291667  0.505181  0.000000
   -0.554   -0.534    0.012    0.040    2.418    2.438    2.548    2.591    3.767    3.776
    4.895    5.076    5.278    5.358    6.770    6.858    7.254    7.370    9.087    9.169
    9.405    9.955   10.409   10.924   12.685   12.877   13.128   13.155
            0.300000  0.519615  0.000000
   -0.490   -0.475    0.070    0.091    2.339    2.361    2.635    2.676    3.632    3.641
    4.968    5.121    5.280    5.341    6.706    6.790    7.264    7.388    9.020    9.074
    9.340    9.898   10.608   11.077   12.649   12.689   13.092   13.306
            0.308333  0.534049  0.000000
   -0.442   -0.431    0.117    0.133    2.276    2.299    2.737    2.774    3.497    3.508
    5.034    5.153    5.278    5.321    6.659    6.731    7.278    7.408    8.961    8.995
    9.285    9.850   10.807   11.188   12.514   12.661   13.037   13.489
            0.316667  0.548483  0.000000
   -0.409   -0.402    0.153    0.162    2.230    2.255    2.850    2.882    3.363    3.378
    5.090    5.171    5.274    5.301    6.631    6.684    7.291    7.425    8.915    8.934
    9.243    9.813   10.992   11.249   12.361   12.724   12.987   13.498
            0.325000  0.562917  0.000000
   -0.389   -0.386    0.175    0.179    2.202    2.228    2.973    2.997    3.232    3.252
    5.133    5.173    5.271    5.283    6.621    6.649    7.300    7.436    8.887    8.895
    9.215    9.790   11.145   11.260   12.248   12.825   12.943   13.361
            0.333333  0.577350  0.000000
   -0.382   -0.382    0.183    0.183    2.193    2.219    3.085    3.085    3.120    3.159
    5.161    5.161    5.273    5.273    6.628    6.628    7.303    7.440    8.880    8.880
    9.206    9.781   11.233   11.233   12.204   12.905   12.905   13.293
            0.341667  0.562917  0.000000
   -0.388   -0.385    0.175    0.179    2.202    2.228    2.977    2.995    3.232    3.246
    5.134    5.173    5.274    5.283    6.620    6.649    7.300    7.437    8.887    8.894
    9.216    9.790   11.178   11.229   12.248   12.872   12.880   13.375
            0.350000  0.548483  0.000000
   -0.404   -0.398    0.156    0.163    2.227    2.252    2.858    2.882    3.354    3.355
    5.098    5.170    5.290    5.307    6.620    6.677    7.294    7.429    8.913    8.927
    9.249    9.819   11.105   11.149   12.350   12.764   12.881   13.558
            0.358333  0.534049  0.000000
   -0.427   -0.418    0.128    0.137    2.268    2.290    2.743    2.772    3.452    3.466
    5.055    5.154    5.326    5.348    6.627    6.708    7.287    7.421    8.954    8.975
    9.307    9.868   11.021   11.027   12.447   12.640   12.938   13.508
            0.366667  0.519615  0.000000
   -0.455   -0.444    0.093    0.103    2.321    2.340    2.633    2.667    3.532    3.563
    5.009    5.128    5.384    5.409    6.635    6.738    7.283    7.415    9.005    9.034
    9.390    9.940   10.884   10.930   12.491   12.517   13.074   13.333
            0.375000  0.505181  0.000000
   -0.488   -0.475    0.052    0.064    2.384    2.400    2.529    2.567    3.593    3.641
    4.961    5.095    5.466    5.491    6.642    6.764    7.286    7.417    9.062    9.101
    9.500   10.035   10.734   10.835   12.400   12.489   13.158   13.270
            0.383333  0.490748  0.000000
   -0.524   -0.510    0.008    0.020    2.431    2.455    2.466    2.472    3.634    3.699
    4.915    5.057    5.568    5.595    6.646    6.784    7.299    7.428    9.121    9.172
    9.636   10.153   10.582   10.737   12.292   12.465   12.985   13.496
            0.391667  0.476314  0.000000
   -0.563   -0.546   -0.038   -0.025    2.339    2.383    2.531    2.536    3.657    3.737
    4.871    5.017    5.687    5.715    6.645    6.796    7.326    7.451    9.180    9.244
    9.796   10.294   10.432   10.638   12.194   12.430   12.814   13.734
            0.400000  0.461880  0.000000
   -0.602   -0.584   -0.084   -0.071    2.253    2.301    2.609    2.610    3.665    3.758
    4.832    4.977    5.817    5.847    6.639    6.801    7.368    7.487    9.236    9.315
    9.979   10.286   10.456   10.539   12.106   12.390   12.647   13.671
            0.408333  0.447446  0.000000
   -0.642   -0.623   -0.130   -0.117    2.173    2.224    2.681    2.691    3.662    3.766
    4.797    4.938    5.952    5.985    6.629    6.798    7.426    7.538    9.289    9.382
   10.146   10.184   10.441   10.639   12.029   12.345   12.486   13.448
            0.416667  0.433013  0.000000
   -0.680   -0.660   -0.174   -0.161    2.100    2.154    2.753    2.771    3.650    3.765
    4.769    4.901    6.086    6.122    6.616    6.790    7.502    7.603    9.337    9.444
   10.015   10.347   10.407   10.839   11.962   12.297   12.331   13.238
            0.425000  0.418579  0.000000
   -0.718   -0.696   -0.215   -0.202    2.034    2.090    2.821    2.850    3.633    3.756
    4.747    4.867    6.215    6.253    6.600    6.776    7.593    7.680    9.380    9.500
    9.896   10.257   10.648   11.056   11.904   12.185   12.246   13.041
            0.433333  0.404145  0.000000
   -0.753   -0.730   -0.254   -0.241    1.974    2.032    2.884    2.924    3.614    3.743
    4.732    4.837    6.335    6.375    6.583    6.757    7.695    7.766    9.420    9.545
    9.793   10.174   10.904   11.287   11.854   12.049   12.191   12.860
            0.441667  0.389711  0.000000
   -0.785   -0.762   -0.289   -0.276    1.921    1.981    2.941    2.993    3.593    3.727
    4.723    4.811    6.444    6.486    6.565    6.737    7.804    7.856    9.458    9.574
    9.717   10.099   11.173   11.529   11.810   11.927   12.133   12.694
            0.450000  0.375278  0.000000
   -0.814   -0.790   -0.320   -0.307    1.876    1.937    2.991    3.056    3.572    3.711
    4.719    4.789    6.541    6.548    6.585    6.715    7.910    7.943    9.495    9.570
    9.686   10.033   11.454   11.746   11.770   11.854   12.071   12.548
            0.458333  0.360844  0.000000
   -0.839   -0.815   -0.346   -0.333    1.837    1.899    3.034    3.111    3.554    3.695
    4.720    4.772    6.532    6.625    6.672    6.693    8.005    8.023    9.533    9.546
    9.691    9.979   11.700   11.735   11.745   12.009   12.067   12.421
            0.466667  0.346410  0.000000
   -0.861   -0.836   -0.368   -0.355    1.805    1.868    3.068    3.157    3.537    3.682
    4.724    4.758    6.517    6.673    6.695    6.746    8.081    8.090    9.535    9.572
    9.700    9.934   11.622   11.704   11.948   12.042   12.319   12.338
            0.475000  0.331976  0.000000
   -0.877   -0.852   -0.385   -0.373    1.780    1.844    3.095    3.194    3.524    3.670
    4.730    4.748    6.506    6.656    6.752    6.806    8.135    8.141    9.545    9.609
    9.703    9.901   11.558   11.677   11.892   12.214   12.372   12.619
            0.483333  0.317543  0.000000
   -0.890   -0.864   -0.398   -0.385    1.762    1.827    3.114    3.220    3.514    3.661
    4.735    4.741    6.497    6.642    6.793    6.851    8.169    8.176    9.572    9.641
    9.697    9.878   11.511   11.656   11.846   12.162   12.676   12.905
            0.491667  0.303109  0.000000
   -0.897   -0.872   -0.405   -0.393    1.752    1.816    3.125    3.237    3.508    3.656
    4.737    4.739    6.491    6.634    6.818    6.878    8.186    8.196    9.606    9.663
    9.681    9.864   11.482   11.642   11.816   12.127   12.988   13.196
            0.500000  0.288675  0.000000
   -0.900   -0.874   -0.408   -0.395    1.748    1.813    3.129    3.242    3.506    3.654
    4.736    4.740    6.490    6.631    6.827    6.888    8.191    8.203    9.627    9.666
    9.670    9.859   11.473   11.637   11.806   12.115   13.213   13.468
            0.483333  0.279053  0.000000
   -0.918   -0.892   -0.418   -0.401    1.760    1.824    3.136    3.250    3.516    3.664
    4.739    4.743    6.494    6.640    6.798    6.889    8.167    8.178    9.647    9.653
    9.691    9.852   11.468   11.662   11.854   12.120   13.214   13.436
            0.466667  0.269430  0.000000
   -0.974   -0.944   -0.447   -0.421    1.792    1.855    3.157    3.274    3.543    3.693
    4.747    4.751    6.506    6.667    6.731    6.876    8.097    8.108    9.615    9.704
    9.750    9.834   11.455   11.740   11.986   12.134   13.217   13.378
            0.450000  0.259808  0.000000
   -1.061   -1.027   -0.491   -0.455    1.842    1.904    3.191    3.313    3.588    3.738
    4.761    4.765    6.528    6.644    6.710    6.841    7.992    8.001    9.561    9.789
    9.810    9.837   11.433   11.876   12.157   12.179   13.222   13.317
            0.433333  0.250185  0.000000
   -1.174   -1.136   -0.548   -0.502    1.904    1.966    3.237    3.366    3.644    3.797
    4.780    4.784    6.545    6.558    6.769    6.789    7.860    7.869    9.499    9.785
    9.893    9.943   11.398   12.063   12.183   12.418   13.230   13.264
            0.416667  0.240563  0.000000
   -1.307   -1.264   -0.617   -0.561    1.973    2.036    3.293    3.431    3.709    3.865
    4.804    4.808    6.445    6.597    6.728    6.842    7.711    7.719    9.436    9.762
   10.010   10.063   11.352   12.207   12.290   12.688   13.225   13.238
            0.400000  0.230940  0.000000
   -1.454   -1.408   -0.696   -0.630    2.046    2.111    3.357    3.505    3.774    3.934
    4.833    4.837    6.353    6.645    6.666    6.929    7.551    7.557    9.378    9.745
   10.134   10.191   11.295   12.221   12.547   12.978   13.207   13.248
            0.383333  0.221318  0.000000
   -1.612   -1.562   -0.783   -0.707    2.119    2.187    3.428    3.588    3.833    3.998
    4.868    4.872    6.278    6.616    6.699    7.029    7.383    7.388    9.331    9.734
   10.263   10.323   11.230   12.215   12.824   13.216   13.258   13.279
            0.366667  0.211695  0.000000
   -1.775   -1.723   -0.875   -0.790    2.188    2.264    3.505    3.678    3.879    4.050
    4.907    4.911    6.226    6.585    6.759    7.139    7.211    7.216    9.298    9.732
   10.396   10.460   11.160   12.181   13.109   13.259   13.269   13.493
            0.350000  0.202073  0.000000
   -1.942   -1.887   -0.972   -0.878    2.252    2.338    3.586    3.773    3.908    4.084
    4.951    4.955    6.201    6.581    6.821    7.037    7.041    7.259    9.284    9.741
   10.533   10.599   11.092   12.119   13.279   13.337   13.380   13.495
            0.333333  0.192450  0.000000
   -2.110   -2.053   -1.071   -0.968    2.307    2.407    3.670    3.873    3.918    4.099
    4.999    5.003    6.202    6.608    6.864    6.867    6.883    7.386    9.293    9.764
   10.672   10.742   11.028   12.033   13.287   13.446   13.494   13.601
            0.316667  0.182828  0.000000
   -2.276   -2.218   -1.171   -1.060    2.352    2.470    3.756    3.916    3.976    4.095
    5.051    5.055    6.223    6.665    6.693    6.696    6.942    7.518    9.329    9.802
   10.813   10.886   10.976   11.933   13.293   13.490   13.582   13.728
            0.300000  0.173205  0.000000
   -2.439   -2.380   -1.271   -1.152    2.381    2.522    3.845    3.908    4.080    4.081
    5.107    5.110    6.256    6.525    6.527    6.745    6.995    7.650    9.396    9.860
   10.940   10.958   11.033   11.826   13.296   13.482   13.738   13.777
            0.283333  0.163583  0.000000
   -2.599   -2.538   -1.369   -1.244    2.393    2.562    3.903    3.935    4.062    4.190
    5.166    5.170    6.292    6.361    6.364    6.840    7.038    7.780    9.497    9.941
   10.924   11.106   11.183   11.721   13.296   13.470   13.788   13.907
            0.266667  0.153960  0.000000
   -2.753   -2.691   -1.466   -1.334    2.385    2.585    3.909    4.027    4.049    4.301
    5.228    5.231    6.204    6.206    6.324    6.941    7.067    7.902    9.634   10.049
   10.931   11.257   11.336   11.625   13.291   13.453   13.784   14.082
            0.250000  0.144338  0.000000
   -2.901   -2.839   -1.559   -1.421    2.357    2.590    3.932    4.048    4.121    4.414
    5.292    5.295    6.052    6.054    6.347    7.041    7.081    8.009    9.805   10.185
   10.963   11.411   11.492   11.547   13.280   13.429   13.774   14.251
            0.233333  0.134715  0.000000
   -3.042   -2.979   -1.649   -1.505    2.311    2.574    3.971    4.065    4.216    4.529
    5.358    5.361    5.908    5.909    6.360    7.078    7.132    8.097   10.009   10.352
   11.023   11.494   11.569   11.651   13.264   13.400   13.760   14.396
            0.216667  0.125093  0.000000
   -3.176   -3.113   -1.735   -1.586    2.251    2.541    4.027    4.101    4.313    4.646
    5.425    5.428    5.772    5.773    6.362    7.058    7.211    8.158   10.241   10.548
   11.108   11.471   11.730   11.813   13.242   13.365   13.743   14.497
            0.200000  0.115470  0.000000
   -3.301   -3.238   -1.817   -1.662    2.182    2.494    4.096    4.153    4.412    4.766
    5.493    5.495    5.643    5.644    6.355    7.020    7.277    8.190   10.497   10.771
   11.219   11.483   11.894   11.978   13.213   13.324   13.724   14.535
            0.183333  0.105848  0.000000
   -3.418   -3.355   -1.893   -1.734    2.107    2.436    4.176    4.219    4.512    4.887
    5.524    5.524    5.560    5.562    6.341    6.967    7.329    8.189   10.773   11.019
   11.350   11.533   12.061   12.145   13.179   13.277   13.701   14.513
            0.166667  0.096225  0.000000
   -3.526   -3.463   -1.963   -1.800    2.030    2.373    4.262    4.294    4.615    5.011
    5.413    5.414    5.626    5.628    6.321    6.900    7.368    8.157   11.062   11.286
   11.500   11.617   12.229   12.313   13.141   13.227   13.676   14.450
            0.150000  0.086603  0.000000
   -3.625   -3.562   -2.028   -1.861    1.955    2.308    4.351    4.376    4.719    5.136
    5.313    5.313    5.689    5.691    6.298    6.821    7.397    8.096   11.361   11.566
   11.664   11.733   12.398   12.482   13.098   13.173   13.649   14.367
            0.133333  0.076980  0.000000
   -3.714   -3.651   -2.086   -1.916    1.883    2.244    4.441    4.459    4.825    5.222
    5.222    5.262    5.750    5.752    6.273    6.733    7.417    8.013   11.663   11.835
   11.855   11.874   12.566   12.649   13.054   13.118   13.619   14.277
            0.116667  0.067358  0.000000
   -3.794   -3.731   -2.138   -1.965    1.817    2.183    4.528    4.542    4.933    5.141
    5.141    5.388    5.807    5.808    6.248    6.636    7.430    7.913   11.963   12.007
   12.034   12.145   12.732   12.813   13.008   13.062   13.587   14.187
            0.100000  0.057735  0.000000
   -3.863   -3.800   -2.184   -2.008    1.757    2.128    4.610    4.620    5.042    5.071
    5.071    5.513    5.858    5.860    6.225    6.535    7.439    7.802   12.176   12.203
   12.255   12.430   12.893   12.964   12.972   13.009   13.556   14.103
            0.083333  0.048113  0.000000
   -3.922   -3.859   -2.223   -2.045    1.705    2.079    4.685    4.692    5.011    5.011
    5.151    5.634    5.904    5.905    6.203    6.429    7.444    7.686   12.340   12.368
   12.531   12.700   12.924   12.960   13.044   13.121   13.526   14.028
            0.066667  0.038490  0.000000
   -3.970   -3.907   -2.255   -2.075    1.662    2.038    4.750    4.754    4.962    4.962
    5.259    5.749    5.943    5.944    6.184    6.323    7.446    7.571   12.493   12.519
   12.781   12.888   12.917   12.947   13.182   13.255   13.502   13.964
            0.050000  0.028868  0.000000
   -4.008   -3.945   -2.280   -2.099    1.627    2.006    4.803    4.805    4.923    4.923
    5.363    5.853    5.974    5.975    6.169    6.218    7.447    7.466   12.626   12.648
   12.859   12.881   12.991   13.160   13.300   13.370   13.489   13.913
            0.033333  0.019245  0.000000
   -4.035   -3.972   -2.298   -2.115    1.602    1.982    4.842    4.843    4.896    4.896
    5.459    5.938    5.997    5.998    6.122    6.157    7.379    7.448   12.730   12.746
   12.837   12.853   13.142   13.326   13.392   13.459   13.495   13.876
            0.016667  0.009623  0.000000
   -4.051   -3.988   -2.308   -2.126    1.587    1.968    4.866    4.866    4.879    4.879
    5.534    5.995    6.010    6.011    6.047    6.151    7.320    7.448   12.798   12.808
   12.825   12.835   13.222   13.433   13.450   13.515   13.520   13.853
            0.000000  0.000000  0.000000
   -4.056   -3.994   -2.312   -2.129    1.582    1.963    4.874    4.874    4.874    4.874
    5.565    6.015    6.015    6.016    6.016    6.148    7.299    7.448   12.821   12.821
   12.829   12.829   13.244   13.470   13.470   13.535   13.535   13.845
